animationName=neutral
frameCount=1
step=1
frame=0
Pelvis 0 0 0 0 0 0 1 1 1 1
Torso -0.2053332793 2.765782156 0.1775898607 0 0 0 1 1 1 1
Head -0.1177695044 6.596980935 0.09152107212 0 0 0 1 1 1 1
Mullet -4.641905619 4.950258002 -0.5691109328 0 0 0 1 1 1 1
Nose 5.563505523 2.756635477 0.9794153361 0 0 0 1 1 1 1
EyePupilL 0.4658192708 6.451055578 0.08906856214 0 0 0 1 1 1 1
EyePupilR 6.26285324 6.799415389 0.07073898688 0 0 0 1 1 1 1
EyeWhiteR 6.325070078 6.97040122 -0.1434057922 0 -0 -7.648780254 1 1 1 1
EyeWhiteL 0.06567884289 6.464620738 -0.2562634067 0 0 0 1 1 1 1
MouthNormal 4.620843759 0.6286614307 0.5856883339 0 0 0 1 1 1 1
EarF -6.061545164 7.38240807 0.8855957365 0 -0 13.98929845 1 1 1 0
MouthTerrified 4.163089294 0.04958447634 0.5856883339 0 -0 -2.897926478 1 1 1 0
MouthSmile 4.161061765 0.2187850578 0.5856883339 0 -0 -12.24378576 1 1 1 0
MouthO 4.864266359 0.1734006817 0.5856883339 0 0 0 1 1 1 0
MouthSad 4.673824211 0.3314019762 0.5856883339 0 0 0 1 1 1 0
LEyeSad 0.3545402325 7.095578001 0.353931233 0 0 0 1 1 1 0
REyeSad 7.097270889 7.911398902 0.353931233 0 0 0 1 1 1 0
LEyeBlink 0.8928657933 6.648078127 0.353931233 0 0 0 1 1 1 0
REyeBlink 7.335414873 7.405984783 0.353931233 0 0 0 1 1 1 0
LEyeShut 0.9207975677 6.16662809 0.353931233 0 0 0 1 1 1 0
REyeShut 7.058931587 6.94507771 0.353931233 0 0 0 1 1 1 0
LEyeAngry 1.72912138 7.747282674 0.353931233 0 0 0 1 1 1 0
REyeAngry 7.052741737 8.014687906 0.353931233 0 0 0 1 1 1 0
Hair -2.07196462 15.53691807 0.5060853169 0 -0 -0.05381129983 1 1 1 0
LEyeBrow 1.051398652 10.84550377 0.4266579942 0 0 2.309238755 1 1 1 1
REyeBrow 6.875238357 10.81604844 0.4266579942 0 0 -3.812140824 1 1 1 1
LocatorHats -1.415889629 8.345369348 1.112595958 0 -0 9.381863082 1 1 1 1
ArmFront -3.851077371 2.344123395 0.8324101393 0 -0 23.79340996 1 1 1 1
ArmBack 0.6639749476 2.685700225 -0.7775898607 0 -0 22.64223452 1 1 1 1
Scarf2 -4.28687162 4.243419862 -0.3775898607 0 0 0 1 1 1 1
JacketFront -2.934318485 1.731757865 0.03241013932 0 0 0 1 1 1 1
JacketBack 3.524800169 1.800659566 0.02241013932 0 0 0 1 1 1 1
Scarf1 -0.6709934884 4.231317535 0.02741013932 0 0 0 1 1 1 1
LegF -2.060745993 0.02165236857 -0.0394912917 0 0 0 1 1 1 1
LegB 0.7158723134 0.130580621 -0.3350654817 0 0 0 1 1 1 1
animationName=scared
frameCount=1
step=1
frame=0
Pelvis 0 0 0 0 0 0 1 1 1 1
Torso -0.2053332793 2.765782156 0.1775898607 0 0 0 1 1 1 1
Head -0.1177695044 6.596980935 0.09152107212 0 0 0 1 1 1 1
Mullet -4.641905619 4.950258002 -0.5691109328 0 0 0 1 1 1 1
Nose 5.563505523 2.756635477 0.9794153361 0 0 0 1 1 1 1
EyePupilL 0.4658192708 6.451055578 0.08906856214 0 0 0 1 1 1 1
EyePupilR 6.26285324 6.799415389 0.07073898688 0 0 0 1 1 1 1
EyeWhiteR 6.325070078 6.97040122 -0.1434057922 0 -0 -7.648780254 1 1 1 1
EyeWhiteL 0.06567884289 6.464620738 -0.2562634067 0 0 0 1 1 1 1
MouthNormal 4.620843759 0.6286614307 0.5856883339 0 0 0 1 1 1 0
EarF -6.061545164 7.38240807 0.8855957365 0 -0 13.98929845 1 1 1 0
MouthTerrified 4.163089294 0.04958447634 0.5856883339 0 -0 -2.897926478 1 1 1 1
MouthSmile 4.161061765 0.2187850578 0.5856883339 0 -0 -12.24378576 1 1 1 0
MouthO 4.864266359 0.1734006817 0.5856883339 0 0 0 1 1 1 0
MouthSad 4.673824211 0.3314019762 0.5856883339 0 0 0 1 1 1 0
LEyeSad 0.3545402325 7.095578001 0.353931233 0 0 0 1 1 1 0
REyeSad 7.097270889 7.911398902 0.353931233 0 0 0 1 1 1 0
LEyeBlink 0.8928657933 6.648078127 0.353931233 0 0 0 1 1 1 0
REyeBlink 7.335414873 7.405984783 0.353931233 0 0 0 1 1 1 0
LEyeShut 0.9207975677 6.16662809 0.353931233 0 0 0 1 1 1 0
REyeShut 7.058931587 6.94507771 0.353931233 0 0 0 1 1 1 0
LEyeAngry 1.72912138 7.747282674 0.353931233 0 0 0 1 1 1 0
REyeAngry 7.052741737 8.014687906 0.353931233 0 0 0 1 1 1 0
Hair -2.07196462 15.53691807 0.5060853169 0 -0 -0.05381129983 1 1 1 0
LEyeBrow 0.1160443056 11.64936044 0.4266579942 0 0 16.17375457 1 1 1 1
REyeBrow 7.562280973 11.24968086 0.4266579942 0 0 -17.38782298 1 1 1 1
LocatorHats -1.415889629 8.345369348 1.112595958 0 -0 9.381863082 1 1 1 1
ArmFront -3.851077371 2.344123395 0.8324101393 0 -0 23.79340996 1 1 1 1
ArmBack 0.6639749476 2.685700225 -0.7775898607 0 -0 22.64223452 1 1 1 1
Scarf2 -4.28687162 4.243419862 -0.3775898607 0 0 0 1 1 1 1
JacketFront -2.934318485 1.731757865 0.03241013932 0 0 0 1 1 1 1
JacketBack 3.524800169 1.800659566 0.02241013932 0 0 0 1 1 1 1
Scarf1 -0.6709934884 4.231317535 0.02741013932 0 0 0 1 1 1 1
LegF -2.060745993 0.02165236857 -0.0394912917 0 0 0 1 1 1 1
LegB 0.7158723134 0.130580621 -0.3350654817 0 0 0 1 1 1 1
animationName=excited
frameCount=1
step=1
frame=0
Pelvis 0 0 0 0 0 0 1 1 1 1
Torso -0.2053332793 2.765782156 0.1775898607 0 0 0 1 1 1 1
Head -0.1177695044 6.596980935 0.09152107212 0 0 0 1 1 1 1
Mullet -4.641905619 4.950258002 -0.5691109328 0 0 0 1 1 1 1
Nose 5.563505523 2.756635477 0.9794153361 0 0 0 1 1 1 1
EyePupilL 0.4658192708 6.451055578 0.08906856214 0 0 0 1 1 1 1
EyePupilR 6.26285324 6.799415389 0.07073898688 0 0 0 1 1 1 1
EyeWhiteR 6.325070078 6.97040122 -0.1434057922 0 -0 -7.648780254 1 1 1 1
EyeWhiteL 0.06567884289 6.464620738 -0.2562634067 0 0 0 1 1 1 1
MouthNormal 4.620843759 0.6286614307 0.5856883339 0 0 0 1 1 1 0
EarF -6.061545164 7.38240807 0.8855957365 0 -0 13.98929845 1 1 1 0
MouthTerrified 4.163089294 0.04958447634 0.5856883339 0 -0 -2.897926478 1 1 1 0
MouthSmile 4.161061765 0.2187850578 0.5856883339 0 -0 -12.24378576 1 1 1 1
MouthO 4.864266359 0.1734006817 0.5856883339 0 0 0 1 1 1 0
MouthSad 4.673824211 0.3314019762 0.5856883339 0 0 0 1 1 1 0
LEyeSad 0.3545402325 7.095578001 0.353931233 0 0 0 1 1 1 0
REyeSad 7.097270889 7.911398902 0.353931233 0 0 0 1 1 1 0
LEyeBlink 0.8928657933 6.648078127 0.353931233 0 0 0 1 1 1 0
REyeBlink 7.335414873 7.405984783 0.353931233 0 0 0 1 1 1 0
LEyeShut 0.9207975677 6.16662809 0.353931233 0 0 0 1 1 1 0
REyeShut 7.058931587 6.94507771 0.353931233 0 0 0 1 1 1 0
LEyeAngry 1.72912138 7.747282674 0.353931233 0 0 0 1 1 1 0
REyeAngry 7.052741737 8.014687906 0.353931233 0 0 0 1 1 1 0
Hair -2.07196462 15.53691807 0.5060853169 0 -0 -0.05381129983 1 1 1 0
LEyeBrow -0.002398413409 10.65296659 0.4266579942 0 0 22.58034346 1 1 1 1
REyeBrow 6.874757531 10.32994331 0.4266579942 0 0 -23.93083846 1 1 1 1
LocatorHats -1.415889629 8.345369348 1.112595958 0 -0 9.381863082 1 1 1 1
ArmFront -3.851077371 2.344123395 0.8324101393 0 -0 23.79340996 1 1 1 1
ArmBack 0.6639749476 2.685700225 -0.7775898607 0 -0 22.64223452 1 1 1 1
Scarf2 -4.28687162 4.243419862 -0.3775898607 0 0 0 1 1 1 1
JacketFront -2.934318485 1.731757865 0.03241013932 0 0 0 1 1 1 1
JacketBack 3.524800169 1.800659566 0.02241013932 0 0 0 1 1 1 1
Scarf1 -0.6709934884 4.231317535 0.02741013932 0 0 0 1 1 1 1
LegF -2.060745993 0.02165236857 -0.0394912917 0 0 0 1 1 1 1
LegB 0.7158723134 0.130580621 -0.3350654817 0 0 0 1 1 1 1
animationName=relieved
frameCount=1
step=1
frame=0
Pelvis 0 0 0 0 0 0 1 1 1 1
Torso -0.2053332793 2.765782156 0.1775898607 0 0 0 1 1 1 1
Head -0.1177695044 6.596980935 0.09152107212 0 0 0 1 1 1 1
Mullet -4.641905619 4.950258002 -0.5691109328 0 0 0 1 1 1 1
Nose 5.563505523 2.756635477 0.9794153361 0 0 0 1 1 1 1
EyePupilL 0.4658192708 6.451055578 0.08906856214 0 0 0 1 1 1 1
EyePupilR 6.26285324 6.799415389 0.07073898688 0 0 0 1 1 1 1
EyeWhiteR 6.325070078 6.97040122 -0.1434057922 0 -0 -7.648780254 1 1 1 1
EyeWhiteL 0.06567884289 6.464620738 -0.2562634067 0 0 0 1 1 1 1
MouthNormal 4.620843759 0.6286614307 0.5856883339 0 0 0 1 1 1 0
EarF -6.061545164 7.38240807 0.8855957365 0 -0 13.98929845 1 1 1 0
MouthTerrified 4.163089294 0.04958447634 0.5856883339 0 -0 -2.897926478 1 1 1 0
MouthSmile 4.161061765 0.2187850578 0.5856883339 0 -0 -12.24378576 1 1 1 1
MouthO 4.864266359 0.1734006817 0.5856883339 0 0 0 1 1 1 0
MouthSad 4.673824211 0.3314019762 0.5856883339 0 0 0 1 1 1 0
LEyeSad 0.3545402325 7.095578001 0.353931233 0 0 0 1 1 1 1
REyeSad 7.097270889 7.911398902 0.353931233 0 0 0 1 1 1 1
LEyeBlink 0.8928657933 6.648078127 0.353931233 0 0 0 1 1 1 0
REyeBlink 7.335414873 7.405984783 0.353931233 0 0 0 1 1 1 0
LEyeShut 0.9207975677 6.16662809 0.353931233 0 0 0 1 1 1 0
REyeShut 7.058931587 6.94507771 0.353931233 0 0 0 1 1 1 0
LEyeAngry 1.72912138 7.747282674 0.353931233 0 0 0 1 1 1 0
REyeAngry 7.052741737 8.014687906 0.353931233 0 0 0 1 1 1 0
Hair -2.07196462 15.53691807 0.5060853169 0 -0 -0.05381129983 1 1 1 0
LEyeBrow -0.0193188023 11.80531539 0.4266579942 0 0 25.17583401 1 1 1 1
REyeBrow 7.349911981 11.74233072 0.4266579942 0 0 -26.6650384 1 1 1 1
LocatorHats -1.415889629 8.345369348 1.112595958 0 -0 9.381863082 1 1 1 1
ArmFront -3.851077371 2.344123395 0.8324101393 0 -0 23.79340996 1 1 1 1
ArmBack 0.6639749476 2.685700225 -0.7775898607 0 -0 22.64223452 1 1 1 1
Scarf2 -4.28687162 4.243419862 -0.3775898607 0 0 0 1 1 1 1
JacketFront -2.934318485 1.731757865 0.03241013932 0 0 0 1 1 1 1
JacketBack 3.524800169 1.800659566 0.02241013932 0 0 0 1 1 1 1
Scarf1 -0.6709934884 4.231317535 0.02741013932 0 0 0 1 1 1 1
LegF -2.060745993 0.02165236857 -0.0394912917 0 0 0 1 1 1 1
LegB 0.7158723134 0.130580621 -0.3350654817 0 0 0 1 1 1 1
animationName=pain
frameCount=1
step=1
frame=0
Pelvis 0 0 0 0 0 0 1 1 1 1
Torso -0.2053332793 2.765782156 0.1775898607 0 0 0 1 1 1 1
Head -0.1177695044 6.596980935 0.09152107212 0 0 0 1 1 1 1
Mullet -4.641905619 4.950258002 -0.5691109328 0 0 0 1 1 1 1
Nose 5.563505523 2.756635477 0.9794153361 0 0 0 1 1 1 1
EyePupilL 0.4658192708 6.451055578 0.08906856214 0 0 0 1 1 1 1
EyePupilR 6.26285324 6.799415389 0.07073898688 0 0 0 1 1 1 1
EyeWhiteR 6.325070078 6.97040122 -0.1434057922 0 -0 -7.648780254 1 1 1 1
EyeWhiteL 0.06567884289 6.464620738 -0.2562634067 0 0 0 1 1 1 1
MouthNormal 4.620843759 0.6286614307 0.5856883339 0 0 0 1 1 1 0
EarF -6.061545164 7.38240807 0.8855957365 0 -0 13.98929845 1 1 1 0
MouthTerrified 4.163089294 0.04958447634 0.5856883339 0 -0 -2.897926478 1 1 1 1
MouthSmile 4.161061765 0.2187850578 0.5856883339 0 -0 -12.24378576 1 1 1 0
MouthO 4.864266359 0.1734006817 0.5856883339 0 0 0 1 1 1 0
MouthSad 4.673824211 0.3314019762 0.5856883339 0 0 0 1 1 1 0
LEyeSad 0.3545402325 7.095578001 0.353931233 0 0 0 1 1 1 0
REyeSad 7.097270889 7.911398902 0.353931233 0 0 0 1 1 1 0
LEyeBlink 0.8928657933 6.648078127 0.353931233 0 0 0 1 1 1 0
REyeBlink 7.335414873 7.405984783 0.353931233 0 0 0 1 1 1 0
LEyeShut 0.9207975677 6.16662809 0.353931233 0 0 0 1 1 1 0
REyeShut 7.058931587 6.94507771 0.353931233 0 0 0 1 1 1 0
LEyeAngry 1.72912138 7.747282674 0.353931233 0 0 0 1 1 1 1
REyeAngry 7.052741737 8.014687906 0.353931233 0 0 0 1 1 1 1
Hair -2.07196462 15.53691807 0.5060853169 0 -0 -0.05381129983 1 1 1 0
LEyeBrow 2.235722536 9.795084908 0.4266579942 0 0 -23.53590912 1 1 1 1
REyeBrow 6.605625807 10.45582799 0.4266579942 0 0 45.16336923 1 1 1 1
LocatorHats -1.415889629 8.345369348 1.112595958 0 -0 9.381863082 1 1 1 1
ArmFront -3.851077371 2.344123395 0.8324101393 0 -0 23.79340996 1 1 1 1
ArmBack 0.6639749476 2.685700225 -0.7775898607 0 -0 22.64223452 1 1 1 1
Scarf2 -4.28687162 4.243419862 -0.3775898607 0 0 0 1 1 1 1
JacketFront -2.934318485 1.731757865 0.03241013932 0 0 0 1 1 1 1
JacketBack 3.524800169 1.800659566 0.02241013932 0 0 0 1 1 1 1
Scarf1 -0.6709934884 4.231317535 0.02741013932 0 0 0 1 1 1 1
LegF -2.060745993 0.02165236857 -0.0394912917 0 0 0 1 1 1 1
LegB 0.7158723134 0.130580621 -0.3350654817 0 0 0 1 1 1 1
animationName=stunned
frameCount=1
step=1
frame=0
Pelvis 0 0 0 0 0 0 1 1 1 1
Torso -0.2053332793 2.765782156 0.1775898607 0 0 0 1 1 1 1
Head -0.1177695044 6.596980935 0.09152107212 0 0 0 1 1 1 1
Mullet -4.641905619 4.950258002 -0.5691109328 0 0 0 1 1 1 1
Nose 5.563505523 2.756635477 0.9794153361 0 0 0 1 1 1 1
EyePupilL 0.4658192708 6.451055578 0.08906856214 0 0 0 1 1 1 1
EyePupilR 6.26285324 6.799415389 0.07073898688 0 0 0 1 1 1 1
EyeWhiteR 6.325070078 6.97040122 -0.1434057922 0 -0 -7.648780254 1 1 1 1
EyeWhiteL 0.06567884289 6.464620738 -0.2562634067 0 0 0 1 1 1 1
MouthNormal 4.620843759 0.6286614307 0.5856883339 0 0 0 1 1 1 0
EarF -6.061545164 7.38240807 0.8855957365 0 -0 13.98929845 1 1 1 0
MouthTerrified 4.163089294 0.04958447634 0.5856883339 0 -0 -2.897926478 1 1 1 0
MouthSmile 4.161061765 0.2187850578 0.5856883339 0 -0 -12.24378576 1 1 1 0
MouthO 4.864266359 0.1734006817 0.5856883339 0 0 0 1 1 1 1
MouthSad 4.673824211 0.3314019762 0.5856883339 0 0 0 1 1 1 0
LEyeSad 0.3545402325 7.095578001 0.353931233 0 0 0 1 1 1 0
REyeSad 7.097270889 7.911398902 0.353931233 0 0 0 1 1 1 0
LEyeBlink 0.8928657933 6.648078127 0.353931233 0 0 0 1 1 1 1
REyeBlink 7.335414873 7.405984783 0.353931233 0 0 0 1 1 1 1
LEyeShut 0.9207975677 6.16662809 0.353931233 0 0 0 1 1 1 0
REyeShut 7.058931587 6.94507771 0.353931233 0 0 0 1 1 1 0
LEyeAngry 1.72912138 7.747282674 0.353931233 0 0 0 1 1 1 0
REyeAngry 7.052741737 8.014687906 0.353931233 0 0 0 1 1 1 0
Hair -2.07196462 15.53691807 0.5060853169 0 -0 -0.05381129983 1 1 1 0
LEyeBrow 0.9328473024 10.36700512 0.4266579942 0 0 14.75724864 1 1 1 1
REyeBrow 7.143915597 10.02866989 0.4266579942 0 0 -10.56195496 1 1 1 1
LocatorHats -1.415889629 8.345369348 1.112595958 0 -0 9.381863082 1 1 1 1
ArmFront -3.851077371 2.344123395 0.8324101393 0 -0 23.79340996 1 1 1 1
ArmBack 0.6639749476 2.685700225 -0.7775898607 0 -0 22.64223452 1 1 1 1
Scarf2 -4.28687162 4.243419862 -0.3775898607 0 0 0 1 1 1 1
JacketFront -2.934318485 1.731757865 0.03241013932 0 0 0 1 1 1 1
JacketBack 3.524800169 1.800659566 0.02241013932 0 0 0 1 1 1 1
Scarf1 -0.6709934884 4.231317535 0.02741013932 0 0 0 1 1 1 1
LegF -2.060745993 0.02165236857 -0.0394912917 0 0 0 1 1 1 1
LegB 0.7158723134 0.130580621 -0.3350654817 0 0 0 1 1 1 1