animationName=neutral
frameCount=1
step=1
frame=0
pelvis 0 0 0 0 0 0 1 1 1 1
Torso 0.2510118904 3.919603395 0.3059235097 0 0 0 1 1 1 1
ArmB 1.056141755 0.9621040762 -1.461255279 0 -0 13.17082975 1 1 1 1
ArmF -2.186279636 0.4598644578 0.9296990849 0 -0 10.10405276 1 1 1 1
BackPack -0.6285263932 0.2726851026 -0.6712083283 0 0 0 1 1 1 1
Head -0.143230145 3.343759417 0.2459443613 0 0 0 1 1 1 1
EarB 1.40921083 12.06072123 -0.3648689941 0 0 -33.96958106 1 1 1 1
EarF -5.737117561 9.700851129 1.180532256 0 0 -28.59302276 1 1 1 1
Nose 6.316637686 3.782849336 0.983078091 0 0 0 1 1 1 1
MouthNormal 6.029933362 2.028723028 0.5508208217 0 0 0 1 1 1 1
EyeWhiteL 0.06460043993 6.743870387 -0.2572217642 0 0 0 1 1 1 1
EyeWhiteR 6.384330406 7.227320344 -0.143942092 0 0 0 1 1 1 1
EyePupilR 6.261361555 7.010996761 0.07100353202 0 0 0 1 1 1 1
EyePupilL 0.3417999247 6.741570362 0.08940165506 0 0 0 1 1 1 1
MouthSmile 5.982226115 2.087449684 0.5878786537 0 0 0 1 1 1 0
MouthTerrified 5.839104376 1.551650565 0.5878786537 0 0 0 1 1 1 0
MouthSad 5.075788435 1.387659755 0.5878786537 0 0 0 1 1 1 0
MouthO 6.080971066 1.942027451 0.5822435433 0 0 0 1 1 1 0
LEyebrow 0.6496066289 12.28107804 0.5822435433 0 0 16.98326213 1 1 1 1
REyebrow 7.177629435 11.7874032 0.5822435433 0 0 -20.63565828 1 1 1 1
REyeAngry 7.56758478 8.732672171 0.5822435433 0 0 0 1 1 1 0
LEyeAngry 0.5200983762 9.544143625 0.5822435433 0 0 0 1 1 1 0
REyeShut 7.533371402 8.038835278 0.5822435433 0 0 0 1 1 1 0
LEyeShut 1.132597365 8.023250073 0.5822435433 0 0 0 1 1 1 0
REyeBlink 7.407738136 8.192973989 0.5822435433 0 0 0 1 1 1 0
LEyeBlink 1.443876057 8.109351371 0.5822435433 0 0 0 1 1 1 0
REyeSad 7.455013433 5.984259932 0.5822435433 0 0 0 1 1 1 0
LEyeSad 1.786381205 5.51514062 0.5822435433 0 0 0 1 1 1 0
LocatorHats -0.8460982624 8.771143997 1.606807642 0 0 17.3857859 1 1 1 1
LegF -0.9249998035 -0.118840163 -0.02496484706 0 0 0 1 1 1 1
LegB 1.101375539 -0.2134738859 -0.3062211743 0 0 0 1 1 1 1
animationName=scared
frameCount=1
step=1
frame=0
pelvis 0 0 0 0 0 0 1 1 1 1
Torso 0.2510118904 3.919603395 0.3059235097 0 0 0 1 1 1 1
ArmB 1.056141755 0.9621040762 -1.461255279 0 -0 13.17082975 1 1 1 1
ArmF -2.186279636 0.4598644578 0.9296990849 0 -0 10.10405276 1 1 1 1
BackPack -0.6285263932 0.2726851026 -0.6712083283 0 0 0 1 1 1 1
Head -0.143230145 3.343759417 0.2459443613 0 0 0 1 1 1 1
EarB 1.40921083 12.06072123 -0.3648689941 0 0 -33.96958106 1 1 1 1
EarF -5.737117561 9.700851129 1.180532256 0 0 -28.59302276 1 1 1 1
Nose 6.316637686 3.782849336 0.983078091 0 0 0 1 1 1 1
MouthNormal 6.029933362 2.028723028 0.5508208217 0 0 0 1 1 1 0
EyeWhiteL 0.06460043993 6.743870387 -0.2572217642 0 0 0 1 1 1 1
EyeWhiteR 6.384330406 7.227320344 -0.143942092 0 0 0 1 1 1 1
EyePupilR 6.261361555 7.010996761 0.07100353202 0 0 0 1 1 1 1
EyePupilL 0.3417999247 6.741570362 0.08940165506 0 0 0 1 1 1 1
MouthSmile 5.982226115 2.087449684 0.5878786537 0 0 0 1 1 1 0
MouthTerrified 5.839104376 1.551650565 0.5878786537 0 0 0 1 1 1 1
MouthSad 5.075788435 1.387659755 0.5878786537 0 0 0 1 1 1 0
MouthO 6.080971066 1.942027451 0.5822435433 0 0 0 1 1 1 0
LEyebrow -0.9042089389 12.28107804 0.5822435433 0 0 44.03149209 1 1 1 1
REyebrow 7.639574603 11.7874032 0.5822435433 0 0 -49.13709456 1 1 1 1
REyeAngry 7.56758478 8.732672171 0.5822435433 0 0 0 1 1 1 0
LEyeAngry 0.5200983762 9.544143625 0.5822435433 0 0 0 1 1 1 0
REyeShut 7.533371402 8.038835278 0.5822435433 0 0 0 1 1 1 0
LEyeShut 1.132597365 8.023250073 0.5822435433 0 0 0 1 1 1 0
REyeBlink 7.407738136 8.192973989 0.5822435433 0 0 0 1 1 1 0
LEyeBlink 1.443876057 8.109351371 0.5822435433 0 0 0 1 1 1 0
REyeSad 7.455013433 5.984259932 0.5822435433 0 0 0 1 1 1 1
LEyeSad 1.786381205 5.51514062 0.5822435433 0 0 0 1 1 1 1
LocatorHats -0.8460982624 8.771143997 1.606807642 0 0 17.3857859 1 1 1 1
LegF -0.9249998035 -0.118840163 -0.02496484706 0 0 0 1 1 1 1
LegB 1.101375539 -0.2134738859 -0.3062211743 0 0 0 1 1 1 1
animationName=excited
frameCount=1
step=1
frame=0
pelvis 0 0 0 0 0 0 1 1 1 1
Torso 0.2510118904 3.919603395 0.3059235097 0 0 0 1 1 1 1
ArmB 1.056141755 0.9621040762 -1.461255279 0 -0 13.17082975 1 1 1 1
ArmF -2.186279636 0.4598644578 0.9296990849 0 -0 10.10405276 1 1 1 1
BackPack -0.6285263932 0.2726851026 -0.6712083283 0 0 0 1 1 1 1
Head -0.143230145 3.343759417 0.2459443613 0 0 0 1 1 1 1
EarB 1.40921083 12.06072123 -0.3648689941 0 0 -33.96958106 1 1 1 1
EarF -5.737117561 9.700851129 1.180532256 0 0 -28.59302276 1 1 1 1
Nose 6.316637686 3.782849336 0.983078091 0 0 0 1 1 1 1
MouthNormal 6.029933362 2.028723028 0.5508208217 0 0 0 1 1 1 0
EyeWhiteL 0.06460043993 6.743870387 -0.2572217642 0 0 0 1 1 1 1
EyeWhiteR 6.384330406 7.227320344 -0.143942092 0 0 0 1 1 1 1
EyePupilR 6.261361555 7.010996761 0.07100353202 0 0 0 1 1 1 1
EyePupilL 0.3417999247 6.741570362 0.08940165506 0 0 0 1 1 1 1
MouthSmile 5.982226115 2.087449684 0.5878786537 0 0 0 1 1 1 1
MouthTerrified 5.839104376 1.551650565 0.5878786537 0 0 0 1 1 1 0
MouthSad 5.075788435 1.387659755 0.5878786537 0 0 0 1 1 1 0
MouthO 6.080971066 1.942027451 0.5822435433 0 0 0 1 1 1 0
LEyebrow -0.4842587854 12.28107804 0.5822435433 0 0 35.81186512 1 1 1 1
REyebrow 7.303614481 11.7874032 0.5822435433 0 0 -40.31484362 1 1 1 1
REyeAngry 7.56758478 8.732672171 0.5822435433 0 0 0 1 1 1 0
LEyeAngry 0.5200983762 9.544143625 0.5822435433 0 0 0 1 1 1 0
REyeShut 7.533371402 8.038835278 0.5822435433 0 0 0 1 1 1 0
LEyeShut 1.132597365 8.023250073 0.5822435433 0 0 0 1 1 1 0
REyeBlink 7.407738136 8.192973989 0.5822435433 0 0 0 1 1 1 0
LEyeBlink 1.443876057 8.109351371 0.5822435433 0 0 0 1 1 1 0
REyeSad 7.455013433 5.984259932 0.5822435433 0 0 0 1 1 1 0
LEyeSad 1.786381205 5.51514062 0.5822435433 0 0 0 1 1 1 0
LocatorHats -0.8460982624 8.771143997 1.606807642 0 0 17.3857859 1 1 1 1
LegF -0.9249998035 -0.118840163 -0.02496484706 0 0 0 1 1 1 1
LegB 1.101375539 -0.2134738859 -0.3062211743 0 0 0 1 1 1 1
animationName=relieved
frameCount=1
step=1
frame=0
pelvis 0 0 0 0 0 0 1 1 1 1
Torso 0.2510118904 3.919603395 0.3059235097 0 0 0 1 1 1 1
ArmB 1.056141755 0.9621040762 -1.461255279 0 -0 13.17082975 1 1 1 1
ArmF -2.186279636 0.4598644578 0.9296990849 0 -0 10.10405276 1 1 1 1
BackPack -0.6285263932 0.2726851026 -0.6712083283 0 0 0 1 1 1 1
Head -0.143230145 3.343759417 0.2459443613 0 0 0 1 1 1 1
EarB 1.40921083 12.06072123 -0.3648689941 0 0 -33.96958106 1 1 1 1
EarF -5.737117561 9.700851129 1.180532256 0 0 -28.59302276 1 1 1 1
Nose 6.316637686 3.782849336 0.983078091 0 0 0 1 1 1 1
MouthNormal 6.029933362 2.028723028 0.5508208217 0 0 0 1 1 1 0
EyeWhiteL 0.06460043993 6.743870387 -0.2572217642 0 0 0 1 1 1 1
EyeWhiteR 6.384330406 7.227320344 -0.143942092 0 0 0 1 1 1 1
EyePupilR 6.261361555 7.010996761 0.07100353202 0 0 0 1 1 1 1
EyePupilL 0.3417999247 6.741570362 0.08940165506 0 0 0 1 1 1 1
MouthSmile 5.982226115 2.087449684 0.5878786537 0 0 0 1 1 1 0
MouthTerrified 5.839104376 1.551650565 0.5878786537 0 0 0 1 1 1 0
MouthSad 5.075788435 1.387659755 0.5878786537 0 0 0 1 1 1 0
MouthO 6.080971066 1.942027451 0.5822435433 0 0 0 1 1 1 1
LEyebrow -0.4842587854 12.28107804 0.5822435433 0 0 35.81186512 1 1 1 1
REyebrow 7.303614481 11.7874032 0.5822435433 0 0 -40.31484362 1 1 1 1
REyeAngry 7.56758478 8.732672171 0.5822435433 0 0 0 1 1 1 0
LEyeAngry 0.5200983762 9.544143625 0.5822435433 0 0 0 1 1 1 0
REyeShut 7.533371402 8.038835278 0.5822435433 0 0 0 1 1 1 0
LEyeShut 1.132597365 8.023250073 0.5822435433 0 0 0 1 1 1 0
REyeBlink 7.407738136 8.192973989 0.5822435433 0 0 0 1 1 1 0
LEyeBlink 1.443876057 8.109351371 0.5822435433 0 0 0 1 1 1 0
REyeSad 7.455013433 5.984259932 0.5822435433 0 0 0 1 1 1 1
LEyeSad 1.786381205 5.51514062 0.5822435433 0 0 0 1 1 1 1
LocatorHats -0.8460982624 8.771143997 1.606807642 0 0 17.3857859 1 1 1 1
LegF -0.9249998035 -0.118840163 -0.02496484706 0 0 0 1 1 1 1
LegB 1.101375539 -0.2134738859 -0.3062211743 0 0 0 1 1 1 1
animationName=pain
frameCount=1
step=1
frame=0
pelvis 0 0 0 0 0 0 1 1 1 1
Torso 0.2510118904 3.919603395 0.3059235097 0 0 0 1 1 1 1
ArmB 1.056141755 0.9621040762 -1.461255279 0 -0 13.17082975 1 1 1 1
ArmF -2.186279636 0.4598644578 0.9296990849 0 -0 10.10405276 1 1 1 1
BackPack -0.6285263932 0.2726851026 -0.6712083283 0 0 0 1 1 1 1
Head -0.143230145 3.343759417 0.2459443613 0 0 0 1 1 1 1
EarB 1.40921083 12.06072123 -0.3648689941 0 0 -33.96958106 1 1 1 1
EarF -5.737117561 9.700851129 1.180532256 0 0 -28.59302276 1 1 1 1
Nose 6.316637686 3.782849336 0.983078091 0 0 0 1 1 1 1
MouthNormal 6.029933362 2.028723028 0.5508208217 0 0 0 1 1 1 0
EyeWhiteL 0.06460043993 6.743870387 -0.2572217642 0 0 0 1 1 1 1
EyeWhiteR 6.384330406 7.227320344 -0.143942092 0 0 0 1 1 1 1
EyePupilR 6.261361555 7.010996761 0.07100353202 0 0 0 1 1 1 1
EyePupilL 0.3417999247 6.741570362 0.08940165506 0 0 0 1 1 1 1
MouthSmile 5.982226115 2.087449684 0.5878786537 0 0 0 1 1 1 0
MouthTerrified 5.839104376 1.551650565 0.5878786537 0 0 0 1 1 1 1
MouthSad 5.075788435 1.387659755 0.5878786537 0 0 0 1 1 1 0
MouthO 6.080971066 1.942027451 0.5822435433 0 0 0 1 1 1 0
LEyebrow -0.4842587854 12.28107804 0.5822435433 0 0 35.81186512 1 1 1 1
REyebrow 7.303614481 11.7874032 0.5822435433 0 0 -40.31484362 1 1 1 1
REyeAngry 7.56758478 8.732672171 0.5822435433 0 0 0 1 1 1 0
LEyeAngry 0.5200983762 9.544143625 0.5822435433 0 0 0 1 1 1 0
REyeShut 7.533371402 8.038835278 0.5822435433 0 0 0 1 1 1 0
LEyeShut 1.132597365 8.023250073 0.5822435433 0 0 0 1 1 1 0
REyeBlink 7.407738136 8.192973989 0.5822435433 0 0 0 1 1 1 1
LEyeBlink 1.443876057 8.109351371 0.5822435433 0 0 0 1 1 1 1
REyeSad 7.455013433 5.984259932 0.5822435433 0 0 0 1 1 1 0
LEyeSad 1.786381205 5.51514062 0.5822435433 0 0 0 1 1 1 0
LocatorHats -0.8460982624 8.771143997 1.606807642 0 0 17.3857859 1 1 1 1
LegF -0.9249998035 -0.118840163 -0.02496484706 0 0 0 1 1 1 1
LegB 1.101375539 -0.2134738859 -0.3062211743 0 0 0 1 1 1 1
animationName=stunned
frameCount=1
step=1
frame=0
pelvis 0 0 0 0 0 0 1 1 1 1
Torso 0.2510118904 3.919603395 0.3059235097 0 0 0 1 1 1 1
ArmB 1.056141755 0.9621040762 -1.461255279 0 -0 13.17082975 1 1 1 1
ArmF -2.186279636 0.4598644578 0.9296990849 0 -0 10.10405276 1 1 1 1
BackPack -0.6285263932 0.2726851026 -0.6712083283 0 0 0 1 1 1 1
Head -0.143230145 3.343759417 0.2459443613 0 0 0 1 1 1 1
EarB 1.40921083 12.06072123 -0.3648689941 0 0 -33.96958106 1 1 1 1
EarF -5.737117561 9.700851129 1.180532256 0 0 -28.59302276 1 1 1 1
Nose 6.316637686 3.782849336 0.983078091 0 0 0 1 1 1 1
MouthNormal 6.029933362 2.028723028 0.5508208217 0 0 0 1 1 1 0
EyeWhiteL 0.06460043993 6.743870387 -0.2572217642 0 0 0 1 1 1 1
EyeWhiteR 6.384330406 7.227320344 -0.143942092 0 0 0 1 1 1 1
EyePupilR 6.261361555 7.010996761 0.07100353202 0 0 0 1 1 1 1
EyePupilL 0.3417999247 6.741570362 0.08940165506 0 0 0 1 1 1 1
MouthSmile 5.982226115 2.087449684 0.5878786537 0 0 0 1 1 1 0
MouthTerrified 5.839104376 1.551650565 0.5878786537 0 0 0 1 1 1 0
MouthSad 5.075788435 1.387659755 0.5878786537 0 0 0 1 1 1 0
MouthO 6.080971066 1.942027451 0.5822435433 0 0 0 1 1 1 1
LEyebrow -0.4842587854 12.28107804 0.5822435433 0 0 35.81186512 1 1 1 1
REyebrow 7.303614481 11.7874032 0.5822435433 0 0 -40.31484362 1 1 1 1
REyeAngry 7.56758478 8.732672171 0.5822435433 0 0 0 1 1 1 0
LEyeAngry 0.5200983762 9.544143625 0.5822435433 0 0 0 1 1 1 0
REyeShut 7.533371402 8.038835278 0.5822435433 0 0 0 1 1 1 0
LEyeShut 1.132597365 8.023250073 0.5822435433 0 0 0 1 1 1 0
REyeBlink 7.407738136 8.192973989 0.5822435433 0 0 0 1 1 1 1
LEyeBlink 1.443876057 8.109351371 0.5822435433 0 0 0 1 1 1 1
REyeSad 7.455013433 5.984259932 0.5822435433 0 0 0 1 1 1 0
LEyeSad 1.786381205 5.51514062 0.5822435433 0 0 0 1 1 1 0
LocatorHats -0.8460982624 8.771143997 1.606807642 0 0 17.3857859 1 1 1 1
LegF -0.9249998035 -0.118840163 -0.02496484706 0 0 0 1 1 1 1
LegB 1.101375539 -0.2134738859 -0.3062211743 0 0 0 1 1 1 1
